16.09.2016	38,53	39,00	39,08	38,30
15.09.2016	39,20	38,86	39,42	38,53
14.09.2016	39,11	40,13	40,32	38,89
13.09.2016	40,19	40,65	40,76	39,90
12.09.2016	41,19	40,06	41,39	39,80
09.09.2016	40,95	41,97	42,04	40,80
08.09.2016	42,15	41,25	42,26	40,66
07.09.2016	40,35	40,28	40,52	39,60
06.09.2016	39,66	40,26	40,34	38,97
05.09.2016	40,54	39,97	41,74	39,92
02.09.2016	39,88	38,79	39,96	38,68
01.09.2016	38,75	40,19	40,26	38,66
31.08.2016	40,01	41,44	41,49	39,88
30.08.2016	41,64	42,52	42,62	41,49
29.08.2016	42,10	41,85	42,24	41,65
26.08.2016	42,43	42,24	43,26	41,96
25.08.2016	41,68	41,54	41,91	41,13
24.08.2016	41,52	41,87	42,34	41,23
23.08.2016	42,58	41,55	42,74	41,24
22.08.2016	41,57	42,08	42,27	41,42
19.08.2016	42,68	42,99	43,01	42,30
18.08.2016	42,50	41,50	42,55	41,25
17.08.2016	41,10	41,10	41,48	40,65
16.08.2016	41,13	40,31	41,34	40,17
15.08.2016	40,81	40,09	40,88	39,65
12.08.2016	39,78	39,18	39,91	38,76
11.08.2016	39,10	37,35	39,39	36,90
10.08.2016	37,56	37,96	38,79	37,40
09.08.2016	38,50	38,33	39,14	38,23
08.08.2016	39,09	37,88	39,13	37,88
05.08.2016	37,47	37,71	37,94	37,03
04.08.2016	37,63	36,78	37,81	36,31
03.08.2016	36,59	35,40	36,79	35,27
02.08.2016	35,11	35,87	36,44	34,97
01.08.2016	35,82	37,23	37,25	35,71
29.07.2016	37,09	36,60	37,27	36,28
28.07.2016	37,10	37,86	38,12	37,02
27.07.2016	38,02	38,61	39,11	37,76
26.07.2016	38,98	39,35	39,37	38,55
25.07.2016	39,20	40,13	40,15	39,08
22.07.2016	39,96	40,39	40,96	39,85
21.07.2016	40,89	41,72	41,80	40,63
20.07.2016	40,79	40,43	41,12	39,68
19.07.2016	40,65	40,99	41,43	40,53
18.07.2016	40,79	41,39	41,57	40,48
15.07.2016	41,68	40,99	41,94	40,79
14.07.2016	41,05	40,79	41,22	40,50
13.07.2016	40,37	41,57	41,97	40,27
12.07.2016	42,19	40,61	42,44	40,59
11.07.2016	40,61	40,73	41,38	40,24
08.07.2016	41,11	41,13	41,63	40,51
07.07.2016	40,98	43,11	43,64	40,64
06.07.2016	42,75	42,05	42,86	41,37
05.07.2016	42,03	43,55	43,57	41,85
04.07.2016	43,75	44,17	44,24	43,66
01.07.2016	43,59	43,55	43,79	43,00
30.06.2016	44,21	44,53	44,70	43,69
29.06.2016	44,48	43,42	44,54	43,20
28.06.2016	42,89	42,61	43,15	42,27
27.06.2016	41,74	43,50	43,55	41,62
24.06.2016	43,06	42,87	43,51	42,60
23.06.2016	43,53	43,17	43,76	43,06
22.06.2016	42,87	44,46	44,59	42,69
21.06.2016	43,28	43,52	43,72	42,80
20.06.2016	43,45	42,87	43,64	42,84
17.06.2016	42,19	41,34	42,35	41,27
16.06.2016	41,37	42,28	42,35	41,08
15.06.2016	42,82	42,69	43,25	42,26
14.06.2016	43,05	43,19	43,48	42,83
13.06.2016	43,15	42,93	43,65	42,65
10.06.2016	43,82	44,39	44,54	43,65
09.06.2016	44,70	45,49	45,49	44,36
08.06.2016	44,90	44,20	45,03	44,12
07.06.2016	44,15	43,77	44,37	43,70
06.06.2016	43,43	43,16	43,96	43,13
03.06.2016	42,64	43,33	43,48	42,52
02.06.2016	44,04	43,88	44,36	43,00
01.06.2016	43,64	43,47	43,89	42,70
31.05.2016	44,35	44,45	45,00	44,26
30.05.2016	44,51	44,19	44,60	44,05
27.05.2016	44,31	44,17	44,49	43,78
26.05.2016	44,27	44,66	44,87	43,97
25.05.2016	44,18	44,15	44,46	43,65
24.05.2016	43,76	42,92	43,91	42,90
23.05.2016	42,79	42,61	42,87	42,39
20.05.2016	42,68	43,16	43,41	42,28
19.05.2016	42,80	42,54	42,81	41,72
18.05.2016	43,47	43,08	43,61	42,80
17.05.2016	42,38	42,66	42,78	41,99
13.05.2016	40,88	40,78	41,12	40,47
12.05.2016	40,93	40,64	41,34	40,13
11.05.2016	40,36	38,72	40,53	38,49
10.05.2016	39,13	38,59	39,22	37,96
09.05.2016	38,32	39,89	40,24	38,06
06.05.2016	39,18	38,49	39,73	38,18
05.05.2016	38,74	39,55	40,39	38,53
04.05.2016	37,80	38,21	39,08	37,62
03.05.2016	37,75	39,42	39,48	37,69
02.05.2016	38,76	39,45	39,99	38,63
29.04.2016	39,65	40,38	40,88	39,59
28.04.2016	40,58	39,69	40,60	39,67
27.04.2016	39,39	39,36	39,90	38,66
26.04.2016	38,95	37,98	39,12	37,86
25.04.2016	38,90	38,48	39,09	37,99
22.04.2016	39,08	39,01	39,62	38,40
21.04.2016	38,46	39,01	39,42	38,11
20.04.2016	37,65	35,52	37,80	35,24
19.04.2016	36,11	35,58	36,57	35,02
18.04.2016	35,11	33,87	35,54	33,86
15.04.2016	35,94	36,79	36,95	35,48
14.04.2016	37,05	36,32	37,42	36,27
13.04.2016	37,26	36,65	37,62	36,58
12.04.2016	36,83	35,32	36,94	35,32
11.04.2016	35,19	34,64	35,74	34,41
08.04.2016	34,47	33,46	34,96	33,45
07.04.2016	32,58	33,56	33,59	32,23
06.04.2016	32,96	32,28	33,19	32,07
05.04.2016	31,28	31,07	31,55	30,94
04.04.2016	31,57		32,65	31,56
01.04.2016	32,23			32,17
23.03.2016	35,59	35,05	35,29	34,65
21.03.2016	37,03	36,18	37,16	35,95
18.03.2016	36,53	36,93	37,71	36,42
17.03.2016	36,83	35,78	36,85	35,52
16.03.2016	35,75	34,45	35,79	34,24
15.03.2016	34,68	34,54	34,71	33,97
14.03.2016	35,17	35,78	35,81	34,62
11.03.2016	35,97	36,13	36,31	35,53
10.03.2016	35,37	35,67	35,92	34,83
09.03.2016	34,77	33,41	34,86	33,23
08.03.2016	32,93	34,06	34,87	32,90
07.03.2016	34,46	33,22	34,58	32,77
04.03.2016	32,92	31,62	32,92	31,27
03.03.2016	31,68	31,62	32,25	31,24
02.03.2016	32,12	31,49	32,30	30,88
01.03.2016	31,63	31,40	31,97	30,72
29.02.2016	31,07	30,05	31,19	29,71
26.02.2016	30,16	30,21	31,69	29,90
25.02.2016	29,96	28,98	30,37	28,20
24.02.2016	29,28	28,32	29,41	27,75
23.02.2016	28,91	29,85	30,40	28,73
22.02.2016	30,33	29,36	30,68	29,27
19.02.2016	28,82	29,42	29,63	28,17
18.02.2016	29,26	29,99	30,78	29,22
17.02.2016	29,59	27,90	30,02	27,70
16.02.2016	28,02	29,82	30,28	27,55
15.02.2016	28,60	28,40	29,08	28,09
12.02.2016	27,75	26,85	28,40	26,47
11.02.2016	26,53	26,13	26,60	25,41
10.02.2016	26,35	26,85	27,62	26,11
09.02.2016	25,23	26,52	27,10	24,59
08.02.2016	26,89	27,81	28,02	26,43
05.02.2016	27,81	28,43	29,03	27,46
04.02.2016	28,35	29,35	29,98	28,16
03.02.2016	29,33	26,88	29,37	26,84
02.02.2016	27,35	28,45	28,63	27,30
01.02.2016	28,82	30,24	30,64	28,74
29.01.2016	31,05	31,25	31,74	30,16
28.01.2016	30,86	29,07	31,78	29,06
27.01.2016	29,30	28,37	30,09	27,65
26.01.2016	28,74	27,14	29,83	26,95
25.01.2016	27,42	29,92	29,94	27,42
22.01.2016	29,88	28,55	29,94	28,28
21.01.2016	27,38	25,89	27,82	25,66
20.01.2016	26,29	26,40	26,80	25,32
19.01.2016	27,09	28,03	28,73	26,97
18.01.2016	27,64	27,40	28,34	27,25
15.01.2016	28,04	28,63	28,77	27,57
14.01.2016	29,55	29,21	29,92	28,93
13.01.2016	29,10	29,26	30,02	28,58
12.01.2016	29,44	29,20	30,64	28,62
11.01.2016	29,66	30,76	31,58	29,50
08.01.2016	31,19	32,23	32,33	30,93
07.01.2016	30,45	29,97	31,35	29,41
06.01.2016	31,53	33,44	33,48	31,36
05.01.2016	33,29	34,28	34,41	33,26
04.01.2016	34,06	34,75	35,42	33,57
31.12.2015	34,05	33,78	34,77	33,37
30.12.2015	33,62	34,05	34,10	33,36
29.12.2015	34,67	33,82	34,73	33,74
28.12.2015	33,45	34,36	34,36	33,42
25.12.2015	34,72	34,72	34,72	34,72
24.12.2015	34,72	34,38	34,90	34,10
23.12.2015	34,68	33,43	34,76	33,37
22.12.2015	33,02	32,93	33,33	32,58
21.12.2015	32,79	32,75	33,08	32,42
18.12.2015	33,01	33,27	33,98	32,85
17.12.2015	33,25	33,89	34,19	33,21
16.12.2015	33,85	35,04	35,31	33,54
15.12.2015	35,03	34,28	35,78	34,15
14.12.2015	34,11	33,72	34,51	32,82
11.12.2015	33,78	34,86	35,02	33,62
10.12.2015	34,89	35,68	35,74	34,81
09.12.2015	33,80	34,74	35,36	33,47
08.12.2015	34,57	34,60	35,40	33,63
07.12.2015	34,86	36,58	36,70	34,65
04.12.2015	36,87	37,87	38,58	36,44
03.12.2015	37,65	37,02	38,20	36,71
02.12.2015	37,85	39,16	39,52	37,57
01.12.2015	39,23	39,49	39,72	38,78
30.11.2015	39,41	39,38	40,31	39,28
27.11.2015	39,44	40,01	40,03	39,35
26.11.2015	40,08	40,61	40,72	39,88
25.11.2015	40,60	40,48	40,69	39,33
24.11.2015	40,26	39,52	40,81	39,34
23.11.2015	39,38	38,31	40,18	38,00
20.11.2015	39,06	39,36	40,13	38,86
19.11.2015	38,92	39,38	39,46	38,46
18.11.2015	39,38	39,43	40,00	38,75
17.11.2015	39,31	40,17	40,50	39,11
16.11.2015	40,35	39,47	40,45	38,57
13.11.2015	39,01	39,88	40,40	38,58
12.11.2015	39,73	41,07	41,15	39,66
11.11.2015	41,15	41,82	42,19	40,83
10.11.2015	41,15	41,13	41,72	40,65
09.11.2015	40,95	41,50	41,95	40,60
06.11.2015	41,46	42,40	42,49	41,08
05.11.2015	41,65	42,60	42,85	41,49
04.11.2015	42,80	44,03	44,41	42,49
03.11.2015	43,69	42,16	44,09	41,93
02.11.2015	41,90	42,13	42,41	41,38
30.10.2015	42,15	41,55	42,73	41,33
29.10.2015	41,63	41,46	42,53	41,11
28.10.2015	42,25	39,56	42,27	39,41
27.10.2015	39,32	39,41	39,62	38,60
26.10.2015	39,54	40,36	40,63	39,48
23.10.2015	40,51	41,36	41,52	40,13
22.10.2015	40,92	40,91	41,49	40,47
21.10.2015	39,84	40,54	40,58	39,60
20.10.2015	40,62	40,91	41,35	40,32
19.10.2015	40,99	41,82	42,02	40,83
16.10.2015	41,99	41,91	42,25	41,12
15.10.2015	41,58	41,30	41,63	40,25
14.10.2015	41,07	41,22	41,31	40,49
13.10.2015	41,40	42,10	42,95	41,25
12.10.2015	42,19	44,43	44,57	41,88
09.10.2015	44,04	44,86	45,27	43,78
08.10.2015	44,05	42,47	44,35	42,41
07.10.2015	42,89	44,10	44,23	42,47
06.10.2015	43,21	41,12	43,24	40,58
05.10.2015	41,49	40,96	41,93	40,82
02.10.2015	40,76	40,44	40,85	39,26
01.10.2015	40,29	40,88	42,06	39,90
30.09.2015	40,69	40,17	41,01	40,07
29.09.2015	40,18	39,50	40,62	39,43
28.09.2015	39,56	40,22	40,46	39,42
25.09.2015	40,70	40,51	41,40	40,23
24.09.2015	40,38	40,07	40,41	39,13
23.09.2015	39,94	41,28	42,14	39,70
22.09.2015	41,51	41,63	41,76	40,79
21.09.2015	41,64	40,75	41,98	40,56
18.09.2015	39,99	41,55	41,86	39,46
17.09.2015	41,28	41,65	42,08	40,91
16.09.2015	42,12	40,15	42,28	40,09
15.09.2015	40,04	39,58	40,29	39,39
14.09.2015	39,32	39,80	39,96	38,97
11.09.2015	39,98	40,75	40,85	39,41
10.09.2015	40,52	39,00	40,81	38,93
09.09.2015	39,50	41,01	41,17	39,30
08.09.2015	40,96	39,56	41,38	39,50
07.09.2015	39,62	40,90	41,03	39,55
04.09.2015	41,29	41,46	42,24	41,04
03.09.2015	42,14	41,40	43,53	41,13
02.09.2015	41,02	39,50	41,64	38,53
01.09.2015	39,98	42,19	43,18	39,66
31.08.2015	43,28	39,79	43,96	38,90
28.08.2015	40,59	38,75	41,03	37,40
27.08.2015	37,24	35,10	38,00	35,02
26.08.2015	34,45	35,02	35,23	34,06
25.08.2015	33,77	33,73	34,63	33,58
24.08.2015	32,93	34,02	34,07	32,88
21.08.2015	35,44	35,82	36,35	35,04
20.08.2015	36,35	36,53	37,21	36,08
19.08.2015	36,87	38,46	38,81	36,83
18.08.2015	38,87	38,35	39,33	38,04
17.08.2015	38,30	38,43	39,00	38,16
14.08.2015	38,41	38,56	39,19	38,39
13.08.2015	38,52	39,69	39,87	38,26
12.08.2015	39,50	39,20	39,99	39,04
11.08.2015	40,03	41,04	41,66	39,43
10.08.2015	40,63	39,56	40,84	39,53
07.08.2015	39,98	40,90	41,15	39,85
06.08.2015	40,97	41,35	41,36	40,47
05.08.2015	41,51	42,31	42,84	41,15
04.08.2015	42,07	41,84	42,43	41,73
03.08.2015	41,48	42,58	42,70	41,19
31.07.2015	42,60	43,76	44,15	42,46
30.07.2015	44,34	44,61	45,15	44,23
29.07.2015	44,52	43,58	45,08	43,17
28.07.2015	43,14	42,68	43,78	42,22
27.07.2015	42,44	43,23	43,45	42,43
24.07.2015	43,96	44,43	44,68	43,49
23.07.2015	44,26	44,85	45,16	43,90
22.07.2015	44,96	45,88	46,26	44,88
21.07.2015	46,52	45,90	46,97	45,80
20.07.2015	46,42	47,23	47,64	46,41
17.07.2015	47,22	47,35	47,49	46,64
16.07.2015	47,18	47,95	48,29	47,04
15.07.2015	47,33	48,94	48,99	47,12
14.07.2015	48,44	47,00	48,82	46,70
13.07.2015	47,87	47,43	48,74	47,04
10.07.2015	47,69	48,24	48,65	46,99
09.07.2015	47,84	47,59	48,47	47,20
08.07.2015	46,83	46,81	47,72	45,97
07.07.2015	48,16	48,07	48,59	46,02
06.07.2015	47,81	49,49	49,90	47,41
03.07.2015	49,96	50,96	51,10	49,87
02.07.2015	51,00	51,50	52,28	51,00
01.07.2015	51,55	53,03	53,32	51,29
30.06.2015	53,24	52,27	53,57	52,12
29.06.2015	51,79	52,21	52,74	51,67
26.06.2015	53,35	53,53	53,69	52,64
25.06.2015	53,25	53,73	53,97	53,07
24.06.2015	53,80	54,46	54,96	53,40
23.06.2015	54,72	54,05	54,94	53,36
22.06.2015	53,06	52,93	53,47	52,28
19.06.2015	52,64	53,43	53,64	52,18
18.06.2015	53,43	52,80	53,91	52,49
17.06.2015	53,14	53,36	54,51	52,35
16.06.2015	53,76	53,92	54,07	53,24
15.06.2015	53,28	53,37	53,55	52,48
12.06.2015	53,67	53,95	54,04	53,45
11.06.2015	54,36	54,82	55,08	53,96
10.06.2015	54,04	53,96	54,60	53,44
09.06.2015	53,10	51,84	53,53	51,64
08.06.2015	51,70	52,00	52,39	51,28
05.06.2015	53,04	52,20	53,29	51,17
04.06.2015	51,84	53,09	53,39	51,53
03.06.2015	53,01	54,00	54,34	52,67
02.06.2015	54,99	53,97	55,20	53,92
01.06.2015	55,21	54,76	55,43	54,33
29.05.2015	55,17	53,37	55,63	52,94
28.05.2015	52,81	52,70	52,93	51,57
27.05.2015	52,90	53,76	54,08	52,69
26.05.2015	53,57	55,06	55,10	53,09
25.05.2015	54,47	54,40	54,87	53,85
22.05.2015	54,39	55,02	55,18	53,91
21.05.2015	54,63	53,30	54,87	53,22
20.05.2015	52,94	52,62	53,20	52,38
19.05.2015	52,14	54,08	54,10	52,00
18.05.2015	53,45	53,66	54,53	52,92
15.05.2015	53,27	53,25	53,40	52,09
14.05.2015	53,26	53,77	54,18	52,95
13.05.2015	53,78	54,87	55,26	53,76
12.05.2015	54,71	53,63	55,39	53,58
11.05.2015	54,04	54,05	54,46	53,53
08.05.2015	53,82	53,09	54,18	52,66
07.05.2015	52,28	53,90	54,50	52,04
06.05.2015	53,42	54,11	55,14	53,37
05.05.2015	53,99	52,65	54,59	52,43
04.05.2015	52,89	53,04	53,57	52,44
01.05.2015	52,97	53,33	53,46	52,10
30.04.2015	53,18	52,22	53,31	52,12
29.04.2015	52,60	51,20	53,34	50,86
28.04.2015	51,94	51,24	52,67	51,15
27.04.2015	52,20	52,42	53,17	51,95
24.04.2015	52,60	52,82	53,27	51,96
23.04.2015	53,14	51,99	53,95	51,54
22.04.2015	52,51	52,01	53,30	52,00
21.04.2015	52,71	53,68	54,02	52,27
20.04.2015	53,80	54,05	54,56	52,55
17.04.2015	53,37	53,33	53,99	52,64
16.04.2015	53,87	53,52	54,60	52,56
15.04.2015	53,63	51,71	54,21	51,56
14.04.2015	51,37	50,84	51,92	50,52
13.04.2015	50,93	50,65	51,85	50,45
10.04.2015	50,60	49,52	50,70	48,91
09.04.2015	47,53	47,80	48,80	47,47
08.04.2015	47,23	49,08	49,23	46,74
07.04.2015	49,74	47,96	50,06	47,35
03.04.2015	45,45	45,45	45,45	45,45
02.04.2015	45,51	45,64	46,20	44,26
01.04.2015	46,05	43,95	46,83	43,70
31.03.2015	44,21	44,63	45,28	44,06
30.03.2015	44,86	44,48	45,39	44,00
27.03.2015	44,54	46,51	46,90	44,28
26.03.2015	47,10	46,96	48,24	45,82
25.03.2015	44,69	43,07	45,09	42,88
24.03.2015	43,65	42,89	44,50	42,78
23.03.2015	43,21	41,83	43,43	41,37
20.03.2015	42,94	41,96	43,76	41,44
19.03.2015	42,74	42,92	43,19	41,99
18.03.2015	43,17	41,08	43,83	40,66
17.03.2015	42,52	43,54	43,56	42,37
16.03.2015	43,62	44,14	44,61	42,72
13.03.2015	45,01	47,02	47,12	44,77
12.03.2015	46,21	47,36	47,72	46,03
11.03.2015	47,70	48,07	48,09	46,67
10.03.2015	45,56	46,84	46,84	45,14
09.03.2015	46,17	45,68	46,79	45,41
06.03.2015	45,79	46,94	47,23	45,40
05.03.2015	46,13	46,97	47,47	45,90
04.03.2015	46,71	45,58	46,90	44,79
03.03.2015	45,01	44,66	45,40	44,25
02.03.2015	44,55	44,16	45,62	43,56
27.02.2015	44,01	43,77	44,55	43,31
26.02.2015	43,78	45,42	45,49	42,73
25.02.2015	44,68	43,36	44,95	42,94
24.02.2015	43,26	43,24	44,32	42,98
23.02.2015	43,42	44,67	44,81	42,95
20.02.2015	44,59	45,88	46,07	44,54
19.02.2015	45,70	45,13	46,35	43,86
18.02.2015	45,94	47,37	47,51	45,75
17.02.2015	47,22	47,36	48,06	45,28
16.02.2015	47,16	47,25	47,67	46,67
13.02.2015	46,86	46,51	47,68	46,18
12.02.2015	45,74	44,41	46,07	44,37
11.02.2015	44,41	45,19	45,51	43,26
10.02.2015	45,47	46,80	47,14	44,88
09.02.2015	46,68	45,97	47,62	45,63
06.02.2015	46,00	45,82	46,96	45,06
05.02.2015	44,34	41,61	45,38	41,55
04.02.2015	43,12	46,23	46,26	42,34
03.02.2015	45,75	43,58	47,24	43,50
02.02.2015	43,90	41,52	44,06	41,34
30.01.2015	42,26	39,44	42,79	39,28
29.01.2015	39,35	39,25	39,68	38,49
28.01.2015	39,26	40,42	40,56	39,13
27.01.2015	40,48	39,57	40,92	39,41
26.01.2015	40,12	39,94	41,24	39,80
23.01.2015	40,56	42,02	42,27	40,47
22.01.2015	40,96	41,84	43,19	40,39
21.01.2015	40,90	40,27	41,47	40,08
20.01.2015	40,40	41,36	41,74	40,16
16.01.2015	42,37	40,68	42,63	40,58
15.01.2015	40,12	41,63	44,21	40,07
14.01.2015	41,42	38,84	41,87	38,72
13.01.2015	39,94	38,69	40,23	38,04
12.01.2015	39,32	40,61	40,77	39,31
09.01.2015	41,28	41,85	41,95	40,30
08.01.2015	41,98	41,86	42,12	40,91
07.01.2015	41,03	39,90	41,64	39,58
06.01.2015	40,20	42,01	42,01	40,07
05.01.2015	41,66	43,22	43,67	41,66
02.01.2015	43,82	44,84	44,85	43,38
